kern 9 9 7 6 6275
    0    0    1    3    3    2    1    0    0
    0    0    2    7   11   11    7    3    1
   -1   -2    0   10   26   34   29   17    7
   -3   -7  -10    0   31   67   76   55    0
   -3  -11  -26  -32    0   70  127    0    0
   -2  -11  -34  -67  -71   -1    0    0    0
   -1   -7  -29  -76 -127    0    0    0    0
    0   -3  -16  -55    0    0    0    0    0
    0   -1   -6    0    0    0    0    0    0

kern 9 9 6 7 6275
    0    0   -1   -3   -3   -2   -1    0    0
    0    0   -2   -7  -11  -11   -7   -3   -1
    1    2    0  -10  -26  -34  -29  -16   -6
    3    7   10    0  -32  -67  -76  -55    0
    3   11   26   31    0  -71 -127    0    0
    2   11   34   67   70   -1    0    0    0
    1    7   29   76  127    0    0    0    0
    0    3   17   55    0    0    0    0    0
    0    1    7    0    0    0    0    0    0

kern 8 8 7 6 5165
    0    0    0   -1   -2    0    0    0
    0    0    4    3   -5   -6   -2    0
    0   -4    0   19   12  -14  -16   -6
    1   -3  -19    0   57   33  -31  -31
    2    5  -12  -57   -1  127   62    0
    0    6   14  -31 -127   -3    0    0
    0    2   16   32  -59    0    0    0
    0    0    5   30    0    0    0    0

kern 8 8 6 7 5165
    0    0    0    1    2    0    0    0
    0    0   -4   -3    5    6    2    0
    0    4    0  -19  -12   14   16    5
   -1    3   19    0  -57  -31   32   30
   -2   -5   12   57   -1 -127  -59    0
    0   -6  -14   33  127   -3    0    0
    0   -2  -16  -31   62    0    0    0
    0    0   -6  -31    0    0    0    0

kern 14 14 7 6 4313
    0    0    0    1    1    0    0    0    0    0    0    0    0    0
    0    0    0    2    3    3    2    0    0    0    0    0    0    0
    0    0    0    3    7    8    6    3    0    1    0    0    0    0
   -1   -2   -3    0    7   13   12    6   21    7    0    0    0    0
   -1   -3   -7   -7    0   11   15   94   55   11    0    0    0    0
    0   -3   -8  -13  -11    0   86  127   50   -3   -2    0    0    0
    0   -2   -6  -12  -15  -88   -1   46   -7  -10   -6   -3    0    0
    0    0   -3   -6  -94 -127  -46    0   -9  -15  -12   -6   -2    0
    0    0    0  -20  -55  -49    7    9    0  -11  -13   -8   -3    0
    0    0   -1   -6  -11    3   10   15   11    0   -7   -7   -3   -1
    0    0    0    0    0    2    6   12   13    7    0   -3   -2   -1
    0    0    0    0    0    0    3    6    8    7    3    0    0    0
    0    0    0    0    0    0    0    2    3    3    2    0    0    0
    0    0    0    0    0    0    0    0    0    1    1    0    0    0

kern 14 14 6 7 4313
    0    0    0   -1   -1    0    0    0    0    0    0    0    0    0
    0    0    0   -2   -3   -3   -2    0    0    0    0    0    0    0
    0    0    0   -3   -7   -8   -6   -3    0   -1    0    0    0    0
    1    2    3    0   -7  -13  -12   -6  -20   -6    0    0    0    0
    1    3    7    7    0  -11  -15  -94  -55  -11    0    0    0    0
    0    3    8   13   11    0  -88 -127  -49    3    2    0    0    0
    0    2    6   12   15   86   -1  -46    7   10    6    3    0    0
    0    0    3    6   94  127   46    0    9   15   12    6    2    0
    0    0    0   21   55   50   -7   -9    0   11   13    8    3    0
    0    0    1    7   11   -3  -10  -15  -11    0    7    7    3    1
    0    0    0    0    0   -2   -6  -12  -13   -7    0    3    2    1
    0    0    0    0    0    0   -3   -6   -8   -7   -3    0    0    0
    0    0    0    0    0    0    0   -2   -3   -3   -2    0    0    0
    0    0    0    0    0    0    0    0    0   -1   -1    0    0    0

kern 12 12 6 5 2871
    0    1    0   -1   -1    0    0    0    0    0    0    0
   -1    0    5    3   -3   -3    0    0    0    0    0    0
    0   -5    0   11    5   -4   -3   -6    0    0    0    0
    1   -3  -11    0   16    6  -31  -25   -3    0    0    0
    1    3   -5  -16    0  127   50  -17    1    0    0    0
    0    2    4   -6 -127   -2   67   -3    3    3    0    0
    0    0    3   32  -47  -67    0  -13   -6    4    3    0
    0    0    5   24   17    3   13    0  -16   -5    3    1
    0    0    0    3   -1   -3    6   16    0  -11   -3    1
    0    0    0    0    0   -3   -4    5   11    0   -5    0
    0    0    0    0    0    0   -2   -3    3    5    0   -1
    0    0    0    0    0    0    0   -1   -1    0    1    0

kern 12 12 5 6 2871
    0   -1    0    1    1    0    0    0    0    0    0    0
    1    0   -5   -3    3    2    0    0    0    0    0    0
    0    5    0  -11   -5    4    3    5    0    0    0    0
   -1    3   11    0  -16   -6   32   24    3    0    0    0
   -1   -3    5   16    0 -127  -47   17   -1    0    0    0
    0   -3   -4    6  127   -2  -67    3   -3   -3    0    0
    0    0   -3  -31   50   67    0   13    6   -4   -2    0
    0    0   -6  -25  -17   -3  -13    0   16    5   -3   -1
    0    0    0   -3    1    3   -6  -16    0   11    3   -1
    0    0    0    0    0    3    4   -5  -11    0    5    0
    0    0    0    0    0    0    3    3   -3   -5    0    1
    0    0    0    0    0    0    0    1    1    0   -1    0

kern 14 14 7 6 4313
    0    0    0   -1   -1    0    0    0    0    0    0    0    0    0
    0    0    0   -2   -3   -3   -2    0    0    0    0    0    0    0
    0    0    0   -3   -7   -8   -6   -3    0    0    0    0    0    0
    1    2    3    0   -7  -13  -12   -6   -2    0    0    0    0    0
    1    3    7    7    0  -11  -15  -10   -3   11    7    1    0    0
    0    3    8   13   11    0   -9   -7   50   55   21    0    0    0
    0    2    6   12   15    9    0   46  127   94    6    3    0    0
    0    0    3    6   10    7  -46   -1   86   15   12    6    2    0
    0    0    0    2    3  -49 -127  -88    0   11   13    8    3    0
    0    0    0    0  -11  -55  -94  -15  -11    0    7    7    3    1
    0    0    0    0   -6  -20   -6  -12  -13   -7    0    3    2    1
    0    0    0    0   -1    0   -3   -6   -8   -7   -3    0    0    0
    0    0    0    0    0    0    0   -2   -3   -3   -2    0    0    0
    0    0    0    0    0    0    0    0    0   -1   -1    0    0    0

kern 14 14 6 7 4313
    0    0    0    1    1    0    0    0    0    0    0    0    0    0
    0    0    0    2    3    3    2    0    0    0    0    0    0    0
    0    0    0    3    7    8    6    3    0    0    0    0    0    0
   -1   -2   -3    0    7   13   12    6    2    0    0    0    0    0
   -1   -3   -7   -7    0   11   15   10    3  -11   -6   -1    0    0
    0   -3   -8  -13  -11    0    9    7  -49  -55  -20    0    0    0
    0   -2   -6  -12  -15   -9    0  -46 -127  -94   -6   -3    0    0
    0    0   -3   -6  -10   -7   46   -1  -88  -15  -12   -6   -2    0
    0    0    0   -2   -3   50  127   86    0  -11  -13   -8   -3    0
    0    0    0    0   11   55   94   15   11    0   -7   -7   -3   -1
    0    0    0    0    7   21    6   12   13    7    0   -3   -2   -1
    0    0    0    0    1    0    3    6    8    7    3    0    0    0
    0    0    0    0    0    0    0    2    3    3    2    0    0    0
    0    0    0    0    0    0    0    0    0    1    1    0    0    0

kern 12 12 6 5 2871
    0   -1    0    1    1    0    0    0    0    0    0    0
    1    0   -5   -3    3    3    0    0    0    0    0    0
    0    5    0  -11   -5    4    3    0    0    0    0    0
   -1    3   11    0  -16   -6    3    1   -3    0    0    0
   -1   -3    5   16    0  -13   -3  -17  -25   -6    0    0
    0   -2   -4    6   13    0   67   50  -31   -3    0    0
    0    0   -3   -3    3  -67   -2  127    6   -4   -3    0
    0    0    0   -1   17  -47 -127    0   16    5   -3   -1
    0    0    0    3   24   32   -6  -16    0   11    3   -1
    0    0    0    0    5    3    4   -5  -11    0    5    0
    0    0    0    0    0    0    2    3   -3   -5    0    1
    0    0    0    0    0    0    0    1    1    0   -1    0

kern 12 12 5 6 2871
    0    1    0   -1   -1    0    0    0    0    0    0    0
   -1    0    5    3   -3   -2    0    0    0    0    0    0
    0   -5    0   11    5   -4   -3    0    0    0    0    0
    1   -3  -11    0   16    6   -3   -1    3    0    0    0
    1    3   -5  -16    0   13    3   17   24    5    0    0
    0    3    4   -6  -13    0  -67  -47   32    3    0    0
    0    0    3    3   -3   67   -2 -127   -6    4    2    0
    0    0    0    1  -17   50  127    0  -16   -5    3    1
    0    0    0   -3  -25  -31    6   16    0  -11   -3    1
    0    0    0    0   -6   -3   -4    5   11    0   -5    0
    0    0    0    0    0    0   -3   -3    3    5    0   -1
    0    0    0    0    0    0    0   -1   -1    0    1    0

kern 9 9 2 1 6275
    0    0    0    0    0    0    7    1    0
    0    0    0    0    0   55   17    3    0
    0    0    0    0  127   76   29    7    1
    0    0    0   -1   70   67   34   11    2
    0    0 -127  -71    0   31   26   11    3
    0  -55  -76  -67  -32    0   10    7    3
   -6  -16  -29  -34  -26  -10    0    2    1
   -1   -3   -7  -11  -11   -7   -2    0    0
    0    0   -1   -2   -3   -3   -1    0    0

kern 9 9 1 2 6275
    0    0    0    0    0    0   -6   -1    0
    0    0    0    0    0  -55  -16   -3    0
    0    0    0    0 -127  -76  -29   -7   -1
    0    0    0   -1  -71  -67  -34  -11   -2
    0    0  127   70    0  -32  -26  -11   -3
    0   55   76   67   31    0  -10   -7   -3
    7   17   29   34   26   10    0   -2   -1
    1    3    7   11   11    7    2    0    0
    0    0    1    2    3    3    1    0    0

kern 8 8 1 0 5165
    0    0    0    0  -31   -6    0    0
    0    0    0   62  -31  -16   -2    0
    0    0   -3  127   33  -14   -6    0
    0  -59 -127   -1   57   12   -5   -2
   30   32  -31  -57    0   19    3   -1
    5   16   14  -12  -19    0    4    0
    0    2    6    5   -3   -4    0    0
    0    0    0    2    1    0    0    0

kern 8 8 0 1 5165
    0    0    0    0   30    5    0    0
    0    0    0  -59   32   16    2    0
    0    0   -3 -127  -31   14    6    0
    0   62  127   -1  -57  -12    5    2
  -31  -31   33   57    0  -19   -3    1
   -6  -16  -14   12   19    0   -4    0
    0   -2   -6   -5    3    4    0    0
    0    0    0   -2   -1    0    0    0

conv 4
conv 5
conv 6
conv 7
and 4
conv 8
conv 9
conv 10
conv 11
and 4
and 2
conv 0
conv 1
conv 2
conv 3
and 4
conv 12
conv 13
conv 14
conv 15
and 4
or 2
and 2
